1000	7.6853233622e-05
2000	1.8214215379e-04
3000	2.9165800515e-04
4000	4.1385463555e-04
5000	5.3451421263e-04
6000	6.6554896330e-04
7000	7.9312532762e-04
8000	9.9563358526e-04
9000	1.0686441528e-03
10000	1.1904565181e-03
11000	1.4217847420e-03
12000	1.5274579346e-03
13000	1.7445682970e-03
14000	1.7887589056e-03
15000	1.9555304170e-03
16000	2.5653607881e-03
17000	2.5914908838e-03
18000	2.5111792638e-03
19000	2.5734303781e-03
20000	2.6971640764e-03
21000	2.9015936670e-03
22000	3.0157207075e-03
23000	3.1767282271e-03
24000	3.2858598133e-03
25000	3.5102712427e-03
26000	3.6505283788e-03
27000	3.7761834101e-03
28000	4.3829396600e-03
29000	4.1454631792e-03
30000	4.3118504254e-03
31000	4.5043677601e-03
32000	4.9727881997e-03
33000	5.1034386852e-03
34000	5.2932661638e-03
35000	5.4400558292e-03
36000	5.7125005187e-03
37000	5.9115503900e-03
38000	6.1636289756e-03
39000	6.3630631048e-03
40000	6.4191659694e-03
41000	6.7592414998e-03
42000	6.7919041321e-03
43000	7.1312111322e-03
44000	7.2691626847e-03
45000	7.4270960686e-03
46000	7.5865665203e-03
47000	7.7610233493e-03
48000	9.0548474618e-03
49000	8.1748779849e-03
50000	8.2113832686e-03
51000	8.4934346160e-03
52000	8.7366750959e-03
53000	8.1933227557e-03
54000	8.4381002889e-03
55000	8.6701970431e-03
56000	9.9390438627e-03
57000	1.0365963550e-02
58000	9.1747385013e-03
59000	9.3707142296e-03
60000	9.7887957963e-03
61000	9.6235613528e-03
62000	9.8475885170e-03
63000	9.9978365761e-03
64000	1.0194196584e-02
65000	1.0391325115e-02
66000	1.0847833291e-02
67000	1.0935445978e-02
68000	1.0990780305e-02
69000	1.1319327859e-02
70000	1.2022919174e-02
71000	1.2053660459e-02
72000	1.2243487938e-02
73000	1.2765705629e-02
74000	1.3123073142e-02
75000	1.2816813025e-02
76000	1.3337109383e-02
77000	1.3293687320e-02
78000	1.2776465082e-02
79000	1.3065817489e-02
80000	1.3200310641e-02
81000	1.3432407395e-02
82000	1.3532316589e-02
83000	1.3537696315e-02
84000	1.3808988217e-02
85000	1.4062219612e-02
86000	1.4263575060e-02
87000	1.4355030406e-02
88000	1.4617484187e-02
89000	1.4595581015e-02
90000	1.4999060470e-02
91000	1.5243838003e-02
92000	1.5333372015e-02
93000	1.6123423207e-02
94000	1.5787190336e-02
95000	1.6069241683e-02
96000	1.6050796912e-02
97000	1.6230633468e-02
98000	1.6473489668e-02
99000	1.6522675738e-02
100000	1.6877353395e-02
101000	1.7671631511e-02
102000	1.8017086775e-02
103000	1.8375607091e-02
104000	1.7807661730e-02
105000	1.8018623843e-02
106000	1.9045767251e-02
107000	1.8684172806e-02
108000	1.9364323889e-02
109000	2.0111721540e-02
110000	2.0119022600e-02
111000	2.1426680287e-02
112000	2.0076369052e-02
113000	1.9336656725e-02
114000	1.9543007642e-02
115000	1.9862332811e-02
116000	1.9873476529e-02
117000	2.0335364432e-02
118000	2.0233918171e-02
119000	2.0719246313e-02
120000	2.0781881693e-02
121000	2.1039724284e-02
122000	2.1337146281e-02
123000	2.1477403425e-02
124000	2.1483167409e-02
125000	2.1726792147e-02
126000	2.1626114416e-02
127000	2.2275139934e-02
128000	2.2391188322e-02
129000	2.2134882798e-02
130000	2.2773148863e-02
131000	2.3112455870e-02
132000	2.3148961154e-02
133000	2.3411799200e-02
134000	2.3336867300e-02
135000	2.4232591684e-02
136000	2.3686933760e-02
137000	2.3925947309e-02
138000	2.4553838186e-02
139000	2.4586116539e-02
140000	2.4424724754e-02
141000	2.4805148249e-02
142000	2.5081819869e-02
143000	2.8192070058e-02
144000	2.5632473255e-02
145000	2.5976391458e-02
146000	2.6211178068e-02
147000	2.5868028402e-02
148000	2.6535114433e-02
149000	2.6636944960e-02
150000	2.6967413847e-02
151000	2.7822406024e-02
152000	2.7512303241e-02
153000	2.7486173145e-02
154000	2.7810493768e-02
155000	2.9943939415e-02
156000	2.9255334477e-02
157000	3.0594886266e-02
158000	3.0408901446e-02
159000	3.0742060197e-02
160000	3.1525578866e-02
161000	3.1660072018e-02
162000	3.2183442512e-02
163000	3.2300259423e-02
164000	3.2044722437e-02
165000	3.2430141378e-02
166000	3.2019745129e-02
167000	3.3139496685e-02
168000	3.3810041103e-02
169000	3.3839245327e-02
170000	3.3835018403e-02
171000	3.5794775744e-02
172000	3.4301133237e-02
173000	3.3995641650e-02
174000	3.4920186001e-02
175000	3.5644911950e-02
176000	3.5114624668e-02
177000	3.5154588353e-02
178000	3.2820171509e-02
179000	3.2920080710e-02
180000	3.2704507401e-02
181000	3.2670691980e-02
182000	3.3669399694e-02
183000	3.2740244154e-02
184000	3.3073018640e-02
185000	3.4219668814e-02
186000	3.5186098175e-02
187000	3.4936709446e-02
188000	3.5166500602e-02
189000	3.4347629444e-02
190000	3.5969616845e-02
191000	3.6067604713e-02
192000	3.5220297861e-02
193000	3.5792085881e-02
194000	3.5065822871e-02
195000	3.5420500521e-02
196000	3.6132545691e-02
197000	3.6145610735e-02
198000	3.5870476182e-02
199000	3.6929129405e-02
200000	4.0289152588e-02
201000	3.9391122606e-02
202000	4.0029004413e-02
203000	4.0858635017e-02
204000	4.1881551500e-02
205000	4.0902441360e-02
206000	4.2419139834e-02
207000	4.1637542497e-02
208000	4.3513529825e-02
209000	3.9142502406e-02
210000	3.9013004724e-02
211000	3.8971119706e-02
212000	3.9145576542e-02
213000	4.0097788049e-02
214000	4.0462072349e-02
215000	4.2156301788e-02
216000	4.1102259755e-02
217000	4.1016184143e-02
218000	4.3033965667e-02
219000	4.4409254202e-02
220000	4.5163568648e-02
221000	4.4719741250e-02
222000	4.1788943359e-02
223000	4.1562610597e-02
224000	4.1470002456e-02
225000	4.2304244256e-02
226000	4.2638555802e-02
227000	4.2453723792e-02
228000	4.2695811462e-02
229000	4.3101980780e-02
230000	4.3557336161e-02
231000	4.2743460464e-02
232000	4.3498159168e-02
233000	4.3604985156e-02
234000	4.3713348212e-02
235000	4.3810183284e-02
236000	4.4059187749e-02
237000	4.4403874475e-02
238000	4.5216981642e-02
239000	4.4862303992e-02
240000	4.5521320433e-02
241000	4.7567153393e-02
242000	4.9815878876e-02
243000	5.0418023930e-02
244000	4.9765155745e-02
245000	4.6326742275e-02
246000	4.6041616792e-02
247000	4.6431262665e-02
248000	4.7513740392e-02
249000	4.7398076284e-02
250000	4.6942336638e-02
251000	4.6847422906e-02
252000	4.8027504228e-02
253000	4.7969095780e-02
254000	4.8271128973e-02
255000	4.8174678166e-02
256000	4.8275355897e-02
257000	4.8422145563e-02
258000	4.9209506898e-02
259000	5.0052586819e-02
260000	5.0122907523e-02
261000	5.0421098051e-02
262000	5.0388051168e-02
263000	5.0665107061e-02
264000	5.0412259938e-02
265000	5.0127518720e-02
266000	5.0515627525e-02
267000	5.1009409530e-02
268000	5.1644985731e-02
269000	5.2309766164e-02
270000	5.1057058525e-02
271000	5.1810604440e-02
272000	5.1349485060e-02
273000	5.1467839039e-02
274000	5.2667517943e-02
275000	5.3101354417e-02
276000	5.3592446558e-02
277000	5.2635239590e-02
278000	5.3171290856e-02
279000	5.2866183541e-02
280000	5.3118262134e-02
281000	5.3459874740e-02
282000	5.3626261979e-02
283000	5.6280772515e-02
284000	5.6977447035e-02
285000	5.4787514266e-02
286000	5.4889729065e-02
287000	5.5219429421e-02
288000	5.5327023940e-02
289000	5.5559889224e-02
290000	5.6171640928e-02
291000	5.6163571338e-02
292000	5.5472276537e-02
293000	5.6233123512e-02
294000	5.7339810010e-02
295000	5.6627380582e-02
296000	5.6375686254e-02
297000	5.7920051891e-02
298000	5.8124097217e-02
299000	5.8046475453e-02
300000	5.7797855254e-02
301000	6.0438916480e-02
302000	5.8893782305e-02
303000	5.8539488920e-02
304000	6.2089723840e-02
305000	5.9096674828e-02
306000	6.4607435626e-02
307000	5.9480556709e-02
308000	6.0011228255e-02
309000	5.9283428178e-02
310000	5.9736862226e-02
311000	6.0186453615e-02
312000	6.0612604771e-02
313000	6.0655642585e-02
314000	6.0963824035e-02
315000	6.4314624819e-02
316000	6.1709300360e-02
317000	6.1947929629e-02
318000	6.5098912026e-02
319000	6.2526250178e-02
320000	6.2927424035e-02
321000	6.2027856991e-02
322000	6.3340510147e-02
323000	6.3607190845e-02
324000	6.2583505838e-02
325000	6.3618334563e-02
326000	6.3689808070e-02
327000	6.4177441811e-02
328000	6.4864125416e-02
329000	6.3554546381e-02
330000	6.5819411051e-02
331000	6.3891547798e-02
332000	6.5183834842e-02
333000	6.5540433825e-02
334000	7.0735327856e-02
335000	6.5470881658e-02
336000	6.6519928230e-02
337000	6.6420403302e-02
338000	6.6426551559e-02
339000	6.6733580214e-02
340000	6.7581655596e-02
341000	6.7660814420e-02
342000	6.6570267096e-02
343000	6.7107086907e-02
344000	6.7743047373e-02
345000	6.8225685660e-02
346000	6.7919425535e-02
347000	7.3008262108e-02
348000	6.7973222795e-02
349000	7.1309037216e-02
350000	7.0387951258e-02
351000	6.9833070942e-02
352000	6.9403845657e-02
353000	7.0035963472e-02
354000	7.2137515017e-02
355000	7.0053255447e-02
356000	6.8771727849e-02
357000	6.9700499123e-02
358000	6.9994846992e-02
359000	7.1491947892e-02
360000	7.0567019284e-02
361000	7.0829473058e-02
362000	7.2052207935e-02
363000	7.2040295679e-02
364000	7.3087420933e-02
365000	7.2696622265e-02
366000	7.2627070091e-02
367000	7.2501415059e-02
368000	7.4274419057e-02
369000	8.1143560681e-02
370000	7.3853263362e-02
371000	7.3341420852e-02
372000	7.2468752434e-02
373000	7.3419426881e-02
374000	7.4664833461e-02
375000	7.3487057722e-02
376000	7.3875550799e-02
377000	7.5408388453e-02
378000	7.5150161603e-02
379000	7.6386345791e-02
380000	7.5917541100e-02
381000	7.7617534524e-02
382000	7.5187819690e-02
383000	7.9941960445e-02
384000	8.1239627216e-02
385000	7.8349177267e-02
386000	7.6269144614e-02
387000	7.6498167247e-02
388000	7.7136817577e-02
389000	7.6877437932e-02
390000	7.7755870334e-02
391000	7.7244796361e-02
392000	7.9391691324e-02
393000	7.8192396679e-02
394000	7.9848968031e-02
395000	7.8493277069e-02
396000	8.0865736258e-02
397000	8.2797826435e-02
398000	7.9151140715e-02
399000	7.9833981654e-02
400000	8.1222719506e-02
401000	8.2482728198e-02
402000	8.1512840443e-02
403000	8.0629028314e-02
404000	8.0763521459e-02
405000	8.1807188311e-02
406000	8.3514482794e-02
407000	8.3667420724e-02
408000	8.3238579711e-02
409000	8.2174546747e-02
410000	8.1328776963e-02
411000	9.2381424110e-02
412000	8.6636260967e-02
413000	8.4357946987e-02
414000	8.3223977592e-02
415000	8.6031426050e-02
416000	8.6149011498e-02
417000	8.5513819555e-02
418000	8.4436721547e-02
419000	8.5424669807e-02
420000	8.3967532584e-02
421000	8.5124942219e-02
422000	8.3862627922e-02
423000	8.5276727339e-02
424000	8.4367553645e-02
425000	8.4743365936e-02
426000	8.6454503078e-02
427000	8.8591791384e-02
428000	8.7873213692e-02
429000	8.7226493764e-02
430000	8.7562342378e-02
431000	8.9346105829e-02
432000	8.8714756545e-02
433000	8.7037819088e-02
434000	8.8173325552e-02
435000	8.7177691967e-02
436000	8.7081625432e-02
437000	8.7531216821e-02
438000	8.9373004455e-02
439000	8.8435779333e-02
440000	8.9558989275e-02
441000	8.9836429426e-02
442000	9.0977315616e-02
443000	9.1193273191e-02
444000	9.0992302001e-02
445000	9.1186356396e-02
446000	9.0997681727e-02
447000	9.1578307867e-02
448000	9.0606114522e-02
449000	9.1967185210e-02
450000	9.0339049544e-02
451000	9.2149711629e-02
452000	9.1709726890e-02
453000	9.3557278517e-02
454000	9.4988285644e-02
455000	9.3334019883e-02
456000	9.3039672021e-02
457000	1.0015704957e-01
458000	9.6683667885e-02
459000	9.5742215824e-02
460000	9.8475116654e-02
461000	9.7218182091e-02
462000	9.6735159546e-02
463000	9.5648070615e-02
464000	9.5660367137e-02
465000	9.4752346231e-02
466000	9.7221640492e-02
467000	9.5683423104e-02
468000	9.5732224909e-02
469000	9.7924847534e-02
470000	9.7505997437e-02
471000	9.6303628663e-02
472000	9.8160402675e-02
473000	9.7548650971e-02
474000	9.6172209647e-02
475000	9.7396481578e-02
476000	9.7017979431e-02
477000	9.5974696836e-02
478000	9.7577855202e-02
479000	9.8140805108e-02
480000	1.0740046642e-01
481000	1.0584149867e-01
482000	1.0198730923e-01
483000	9.8448602286e-02
484000	9.9513788045e-02
485000	1.0873118008e-01
486000	1.1112477391e-01
487000	1.0293952073e-01
488000	1.0150774507e-01
489000	1.0121800840e-01
490000	1.0005906170e-01
491000	1.0322887314e-01
492000	1.0098514312e-01
493000	1.0437052786e-01
494000	1.0349593811e-01
495000	1.0738048459e-01
496000	1.0595869985e-01
497000	1.0739047550e-01
498000	1.0563399495e-01
499000	1.0419491823e-01
500000	1.0435554149e-01
501000	1.0233468583e-01
502000	1.0406119362e-01
503000	1.0500802540e-01
504000	1.0918038721e-01
505000	1.0913043261e-01
506000	1.0425332669e-01
507000	1.0644018532e-01
508000	1.0536616144e-01
509000	1.0447466398e-01
510000	1.0919076239e-01
511000	1.0516595878e-01
512000	1.0583919307e-01
513000	1.0903244474e-01
514000	1.0712148920e-01
515000	1.0605937757e-01
516000	1.0519439448e-01
517000	1.0883839033e-01
518000	1.0832770063e-01
519000	1.0655354384e-01
520000	1.0735204889e-01
521000	1.0736511394e-01
522000	1.1921934027e-01
523000	1.1127194784e-01
524000	1.0961691355e-01
525000	1.1167120036e-01
526000	1.1355218315e-01
527000	1.1324707583e-01
528000	1.1351029814e-01
529000	1.1000386956e-01
530000	1.1178186902e-01
531000	1.1054645336e-01
532000	1.1149866486e-01
533000	1.1098297970e-01
534000	1.1301421055e-01
535000	1.1105099481e-01
536000	1.1170501578e-01
537000	1.1213808374e-01
538000	1.1145793266e-01
539000	1.1794549799e-01
540000	1.1443023130e-01
541000	1.1415586527e-01
542000	1.1386420726e-01
543000	1.1568562879e-01
544000	1.1668817917e-01
545000	1.1884237518e-01
546000	1.2051047452e-01
547000	1.2999301020e-01
548000	1.2979127047e-01
549000	1.3491930219e-01
550000	1.2380440392e-01
551000	1.1499164413e-01
552000	1.1691604900e-01
553000	1.1526293603e-01
554000	1.1681575553e-01
555000	1.1483716914e-01
556000	1.1565757736e-01
557000	1.1703209737e-01
558000	1.1726688399e-01
559000	1.1875168837e-01
560000	1.1774452680e-01
561000	1.1836242677e-01
562000	1.1730607913e-01
563000	1.1734412147e-01
564000	1.1831938895e-01
565000	1.1912481079e-01
566000	1.1706860265e-01
567000	1.1821448430e-01
568000	1.1984992101e-01
569000	1.2179738184e-01
570000	1.1767766449e-01
571000	1.1960283788e-01
572000	1.2190689769e-01
573000	1.2045321886e-01
574000	1.1940993628e-01
575000	1.1998326137e-01
576000	1.2124519139e-01
577000	1.2171015343e-01
578000	1.2145192657e-01
579000	1.2326335719e-01
580000	1.2325874599e-01
581000	1.2571574373e-01
582000	1.2358729355e-01
583000	1.2116795390e-01
584000	1.2313962349e-01
585000	1.2356731171e-01
586000	1.2670830319e-01
587000	1.2539526576e-01
588000	1.2370564752e-01
589000	1.2278994130e-01
590000	1.2643508995e-01
591000	1.2597051218e-01
592000	1.2412449762e-01
593000	1.2610000987e-01
594000	1.2681858757e-01
595000	1.2543638224e-01
596000	1.2511667281e-01
597000	1.2691350131e-01
598000	1.2761363422e-01
599000	1.3033462280e-01
600000	1.2944927361e-01
601000	1.2943812988e-01
602000	1.3112928519e-01
603000	1.2815237536e-01
604000	1.2843327392e-01
605000	1.3007908581e-01
606000	1.2947732503e-01
607000	1.3032693748e-01
608000	1.3084992371e-01
609000	1.2879448409e-01
610000	1.2809012424e-01
611000	1.3002989975e-01
612000	1.2969289834e-01
613000	1.3036843822e-01
614000	1.3018860167e-01
615000	1.3004872879e-01
616000	1.3699049671e-01
617000	1.3399898477e-01
618000	1.3111737294e-01
619000	1.3300488825e-01
620000	1.3126262555e-01
621000	1.3156273741e-01
622000	1.3315244645e-01
623000	1.3657241515e-01
624000	1.3132103400e-01
625000	1.3545381639e-01
626000	1.3391559901e-01
627000	1.3413808912e-01
628000	1.3355438883e-01
629000	1.3828701069e-01
630000	1.3784587316e-01
631000	1.3431408301e-01
632000	1.3590187072e-01
633000	1.3541846391e-01
634000	1.3741818494e-01
635000	1.3442206180e-01
636000	1.3723066306e-01
637000	1.4260616217e-01
638000	1.3724065397e-01
639000	1.4048923997e-01
640000	1.3912009969e-01
641000	1.3945556404e-01
642000	1.3876081085e-01
643000	1.4160937579e-01
644000	1.4752438457e-01
645000	1.4525875137e-01
646000	1.3649978884e-01
647000	1.4010266823e-01
648000	1.3727677499e-01
649000	1.5007091632e-01
650000	1.3981101022e-01
651000	1.4300656749e-01
652000	1.4126123066e-01
653000	1.3996317962e-01
654000	1.4248857673e-01
655000	1.4217270996e-01
656000	1.4142070111e-01
657000	1.4392188945e-01
658000	1.4865258997e-01
659000	1.4143453469e-01
660000	1.4250702150e-01
661000	1.4434804061e-01
662000	1.4328439192e-01
663000	1.4271337242e-01
664000	1.4871368829e-01
665000	1.4360832828e-01
666000	1.4281558722e-01
667000	1.4557039121e-01
668000	1.4584552578e-01
669000	1.4609529878e-01
670000	1.4529256680e-01
671000	1.4251278550e-01
672000	1.4545395858e-01
673000	1.4403294237e-01
674000	1.4559844264e-01
675000	1.5147041362e-01
676000	1.4750747686e-01
677000	1.4886239929e-01
678000	1.4571103263e-01
679000	1.5102658622e-01
680000	1.4947376673e-01
681000	1.4564532311e-01
682000	1.4694644829e-01
683000	1.4674086589e-01
684000	1.4651069048e-01
685000	1.4800625431e-01
686000	1.4790250245e-01
687000	1.4829253259e-01
688000	1.4725578254e-01
689000	1.4911447788e-01
690000	1.4837668688e-01
691000	1.4843009987e-01
692000	1.4931698614e-01
693000	1.5167445895e-01
694000	1.4945916461e-01
695000	1.5061811131e-01
696000	1.5195382043e-01
697000	1.4986072274e-01
698000	1.5389129034e-01
699000	1.5280266435e-01
700000	1.5244913950e-01
701000	1.5455299664e-01
702000	1.5074722474e-01
703000	1.5250447382e-01
704000	1.5208408666e-01
705000	1.5192769033e-01
706000	1.5731241184e-01
707000	1.5301708486e-01
708000	1.5514322944e-01
709000	1.5730165238e-01
710000	1.6034196613e-01
711000	1.5689894147e-01
712000	1.5499720831e-01
713000	1.5542259093e-01
714000	1.5679326827e-01
715000	1.5827922546e-01
716000	1.5902124339e-01
717000	1.5369031914e-01
718000	1.5280266434e-01
719000	1.5737773708e-01
720000	1.5402117230e-01
721000	1.5808132839e-01
722000	1.5744536792e-01
723000	1.6005415079e-01
724000	1.6108744245e-01
725000	1.6187403526e-01
726000	1.5943010256e-01
727000	1.5829421184e-01
728000	1.6443824324e-01
729000	1.6232516371e-01
730000	1.5941127353e-01
731000	1.5895860801e-01
732000	1.6031852589e-01
733000	1.5976864104e-01
734000	1.5963145802e-01
735000	1.6296804097e-01
736000	1.6327968082e-01
737000	1.6759268403e-01
738000	1.6341801663e-01
739000	1.6080961803e-01
740000	1.6130147869e-01
741000	1.6490089968e-01
742000	1.6329274586e-01
743000	1.6622046963e-01
744000	1.6296535110e-01
745000	1.5931866538e-01
746000	1.6569517781e-01
747000	1.6791047213e-01
748000	1.6195242555e-01
749000	1.6511455166e-01
750000	1.6112932746e-01
751000	1.8815591829e-01
752000	1.6808377617e-01
753000	1.6862136450e-01
754000	1.7852159749e-01
755000	1.8415263358e-01
756000	1.8347747797e-01
757000	1.8330225261e-01
758000	1.7107067692e-01
759000	1.6836313766e-01
760000	1.6920621759e-01
761000	1.6995207817e-01
762000	1.7100304607e-01
763000	1.6807993351e-01
764000	1.7072599019e-01
765000	1.6865133726e-01
766000	1.7232261602e-01
767000	1.7032443206e-01
768000	1.7489258801e-01
769000	1.7331325415e-01
770000	1.7825799091e-01
771000	1.7423395583e-01
772000	1.6974918565e-01
773000	1.6946060176e-01
774000	1.6863827222e-01
775000	1.6877161257e-01
776000	1.7281486095e-01
777000	1.6824170956e-01
778000	1.7132198698e-01
779000	1.7156830158e-01
780000	1.7088891903e-01
781000	1.7011654408e-01
782000	1.7069524890e-01
783000	1.7457172577e-01
784000	1.7598582519e-01
785000	1.7262157508e-01
786000	1.7035209923e-01
787000	1.7564959231e-01
788000	1.7322717853e-01
789000	1.7937889526e-01
790000	1.7936544595e-01
791000	1.7434539302e-01
792000	1.7960445948e-01
793000	1.7501247905e-01
794000	1.7877521314e-01
795000	1.9181182641e-01
796000	1.7777612116e-01
797000	1.8228971132e-01
798000	1.8070691906e-01
799000	1.7821649017e-01
800000	1.7494023700e-01
801000	1.7618180093e-01
802000	1.8079145761e-01
803000	1.7832869588e-01
804000	1.7826567623e-01
805000	1.7958332485e-01
806000	1.7968323404e-01
807000	1.7558618840e-01
808000	1.8096091898e-01
809000	1.8039912188e-01
810000	1.7889740978e-01
811000	1.7854465346e-01
812000	1.7835828438e-01
813000	1.7940733095e-01
814000	1.8938134304e-01
815000	1.8935175454e-01
816000	1.8263516658e-01
817000	1.9257882163e-01
818000	1.8326190466e-01
819000	1.8169602012e-01
820000	1.8211640728e-01
821000	1.8286995319e-01
822000	1.8014627475e-01
823000	1.8234542991e-01
824000	1.8419528713e-01
825000	1.8143010794e-01
826000	1.8384291507e-01
827000	1.8919382116e-01
828000	1.8217904266e-01
829000	1.8316084267e-01
830000	1.8127524869e-01
831000	1.8555943194e-01
832000	1.8850636902e-01
833000	1.8244149644e-01
834000	1.8510638217e-01
835000	1.8403312681e-01
836000	1.8521974068e-01
837000	1.8644439688e-01
838000	1.8832499540e-01
839000	2.0985273769e-01
840000	2.0808741901e-01
841000	1.9137568433e-01
842000	1.9042424135e-01
843000	1.9068054688e-01
844000	1.9314945686e-01
845000	1.8807253254e-01
846000	1.9579512927e-01
847000	1.9462696019e-01
848000	2.0215473398e-01
849000	2.0327986526e-01
850000	2.1005716727e-01
851000	2.2080893403e-01
852000	2.2519763769e-01
853000	2.0404686048e-01
854000	2.0775541307e-01
855000	1.8958154570e-01
856000	1.9884005422e-01
857000	1.9380232505e-01
858000	1.9438871518e-01
859000	2.0905115850e-01
860000	1.9776065061e-01
861000	2.0057732146e-01
862000	1.9754315597e-01
863000	2.0994419303e-01
864000	2.0431853666e-01
865000	1.9549309608e-01
866000	1.9136761474e-01
867000	1.9677731354e-01
868000	1.9534707495e-01
869000	1.9265798046e-01
870000	2.0060767848e-01
871000	1.9567408544e-01
872000	1.9737830579e-01
873000	2.0073256498e-01
874000	1.9801119214e-01
875000	2.1141670090e-01
876000	1.9615826078e-01
877000	2.0190534526e-01
878000	2.0400305415e-01
879000	2.0215281266e-01
880000	2.1013171491e-01
881000	2.0786492891e-01
882000	2.0933628399e-01
883000	2.0970095256e-01
884000	2.0737498958e-01
885000	2.3103886736e-01
886000	2.3638362519e-01
887000	1.9709894431e-01
888000	2.0323682745e-01
889000	1.9757773993e-01
890000	2.0083708537e-01
891000	1.9883467448e-01
892000	2.0408298150e-01
893000	2.0048970878e-01
894000	1.9756390635e-01
895000	2.0189228021e-01
896000	2.0531532304e-01
897000	1.9742326493e-01
898000	2.0350427669e-01
899000	2.0954186637e-01
900000	2.0946731875e-01
901000	2.1347713597e-01
902000	2.2551696286e-01
903000	2.2853767902e-01
904000	2.2933387848e-01
905000	2.1031116720e-01
906000	2.0104766322e-01
907000	2.0523885408e-01
908000	2.0277109688e-01
909000	2.0614418511e-01
910000	2.0970133683e-01
911000	2.0695191255e-01
912000	2.0736461439e-01
913000	2.0775771866e-01
914000	2.1398936274e-01
915000	2.0936971514e-01
916000	2.1340988939e-01
917000	2.1504109918e-01
918000	2.2603111095e-01
919000	2.0775349173e-01
920000	2.0930285283e-01
921000	2.0717632398e-01
922000	2.0958913110e-01
923000	2.0891666535e-01
924000	2.1143437714e-01
925000	2.1208916665e-01
926000	2.1061819584e-01
927000	2.1233471272e-01
928000	2.1639871148e-01
929000	2.1035458928e-01
930000	2.1044143342e-01
931000	2.0842672602e-01
932000	2.0783072922e-01
933000	2.0895470770e-01
934000	2.1013978450e-01
935000	2.1350057621e-01
936000	2.0956453808e-01
937000	2.1270168689e-01
938000	2.1367810717e-01
939000	2.1489085112e-01
940000	2.1214834364e-01
941000	2.1744122553e-01
942000	2.1555793715e-01
943000	2.1999621114e-01
944000	2.2085081905e-01
945000	2.2018334875e-01
946000	2.2093881599e-01
947000	2.2307495149e-01
948000	2.1453963187e-01
949000	2.1812329794e-01
950000	2.1550221856e-01
951000	2.2001119752e-01
952000	2.1551451508e-01
953000	2.1678259336e-01
954000	2.1298950224e-01
955000	2.1649708361e-01
956000	2.2137534233e-01
957000	2.1432098443e-01
958000	2.1488239727e-01
959000	2.2013800534e-01
960000	2.2077089169e-01
961000	2.3559587959e-01
962000	2.2350379251e-01
963000	2.2277829803e-01
964000	2.1582115946e-01
965000	2.1832157928e-01
966000	2.1863552472e-01
967000	2.3675213642e-01
968000	2.2103641959e-01
969000	2.1951357285e-01
970000	2.2124161772e-01
971000	2.1692054490e-01
972000	2.2010956965e-01
973000	2.1974835947e-01
974000	2.2159936950e-01
975000	2.2388997999e-01
976000	2.2149331204e-01
977000	2.2834862008e-01
978000	2.2850885907e-01
979000	2.3128210784e-01
980000	2.3331679708e-01
981000	2.2261037373e-01
982000	2.1907205106e-01
983000	2.2551081460e-01
984000	2.2698216966e-01
985000	2.2197326046e-01
986000	2.2476879667e-01
987000	2.2994639871e-01
988000	2.2356296951e-01
989000	2.3281840389e-01
990000	2.3469285414e-01
991000	2.2669051166e-01
992000	2.2386000723e-01
993000	2.2534980708e-01
994000	2.3564160727e-01
995000	2.2815687127e-01
996000	2.2887698603e-01
997000	2.2603034243e-01
998000	2.3815855052e-01
999000	2.3948619005e-01
1000000	2.2946183910e-01
