1000	7.3394832725e-05
2000	1.4794246090e-04
3000	2.4977299472e-04
4000	3.2893181924e-04
5000	4.4229033665e-04
6000	6.1521009775e-04
7000	5.9138559300e-04
8000	6.7707694689e-04
9000	8.8534920360e-04
10000	9.9832344858e-04
11000	1.1089921027e-03
12000	1.2177394165e-03
13000	1.3003566346e-03
14000	1.2523233745e-03
15000	1.4240903402e-03
16000	1.6765531982e-03
17000	1.5209254052e-03
18000	1.6496545650e-03
19000	1.6093066224e-03
20000	1.7388043125e-03
21000	1.7622445375e-03
22000	1.8955848936e-03
23000	1.9251733902e-03
24000	2.2986800905e-03
25000	2.6260748418e-03
26000	2.8201292444e-03
27000	2.7551882667e-03
28000	2.7394333520e-03
29000	3.4361078797e-03
30000	2.5638237275e-03
31000	2.6729553138e-03
32000	2.7478872071e-03
33000	2.8297358949e-03
34000	3.0122623211e-03
35000	3.0118780487e-03
36000	3.8203740260e-03
37000	3.2897024794e-03
38000	4.0201924203e-03
39000	3.4145889731e-03
40000	3.4902894040e-03
41000	3.5748279552e-03
42000	3.6974088580e-03
43000	4.2634328856e-03
44000	4.3998473702e-03
45000	4.8744160595e-03
46000	4.9866217742e-03
47000	4.8786429834e-03
48000	4.5205069400e-03
49000	4.4970667004e-03
50000	5.1810604418e-03
51000	4.6423193126e-03
52000	4.6584584852e-03
53000	5.7101949278e-03
54000	6.3542249845e-03
55000	4.9435839683e-03
56000	5.5161405180e-03
57000	5.1299530460e-03
58000	6.1378831524e-03
59000	6.2347182102e-03
60000	6.9675137493e-03
61000	6.1394202130e-03
62000	6.0717893721e-03
63000	7.2372685900e-03
64000	6.7892142688e-03
65000	7.3990446326e-03
66000	7.4294016667e-03
67000	6.2566213892e-03
68000	6.3542249845e-03
69000	6.2669965700e-03
70000	6.4525971247e-03
71000	6.4668149716e-03
72000	7.0036347752e-03
73000	6.6708602899e-03
74000	6.7984366542e-03
75000	7.1949993144e-03
76000	7.5393017833e-03
77000	8.3428022917e-03
78000	7.2737738737e-03
79000	7.3852110581e-03
80000	7.3998131702e-03
81000	7.5562094935e-03
82000	7.7029991589e-03
83000	7.8544000207e-03
84000	8.0088750110e-03
85000	7.9935043614e-03
86000	8.5410836255e-03
87000	8.1326087093e-03
88000	8.2640277324e-03
89000	8.5891168928e-03
90000	8.5610654642e-03
91000	8.8319730930e-03
92000	9.5409441346e-03
93000	8.9119004551e-03
94000	8.8984511385e-03
95000	9.0241061698e-03
96000	8.9664662519e-03
97000	9.0348656158e-03
98000	9.4982905939e-03
99000	9.2631197112e-03
100000	9.4433405393e-03
101000	1.1201358153e-02
102000	9.5824448799e-03
103000	9.8741028851e-03
104000	9.6788956798e-03
105000	9.9709379574e-03
106000	1.0302943905e-02
107000	1.0185358457e-02
108000	1.0249530904e-02
109000	1.0728326532e-02
110000	1.0529276668e-02
111000	1.0481627658e-02
112000	1.0635334118e-02
113000	1.1248622883e-02
114000	1.0679908984e-02
115000	1.1605221873e-02
116000	1.2329563557e-02
117000	1.1740099282e-02
118000	1.1581013103e-02
119000	1.1169848331e-02
120000	1.1293197756e-02
121000	1.2350698191e-02
122000	1.4353109073e-02
123000	1.1786211224e-02
124000	1.2166250446e-02
125000	1.1753932864e-02
126000	1.1864601518e-02
127000	1.3335956588e-02
128000	1.2484422812e-02
129000	1.3302525440e-02
130000	1.2371064295e-02
131000	1.2543984063e-02
132000	1.2558586182e-02
133000	1.2624295683e-02
134000	1.2882906805e-02
135000	1.2876374276e-02
136000	1.2879832677e-02
137000	1.3114619287e-02
138000	1.3041224454e-02
139000	1.4077590255e-02
140000	1.3253723635e-02
141000	1.3310979288e-02
142000	1.3335572323e-02
143000	1.3501191032e-02
144000	1.3603405823e-02
145000	1.3992283166e-02
146000	1.4037626570e-02
147000	1.4179036516e-02
148000	1.3940791505e-02
149000	1.4127929120e-02
150000	1.4441874562e-02
151000	1.4800394871e-02
152000	1.4415744467e-02
153000	1.4478764111e-02
154000	1.4636697495e-02
155000	1.4766195185e-02
156000	1.4835747359e-02
157000	1.4881090763e-02
158000	1.5009435658e-02
159000	1.5008667120e-02
160000	1.5144697340e-02
161000	1.5320306971e-02
162000	1.5375257026e-02
163000	1.5477087552e-02
164000	1.5591983138e-02
165000	1.5661151039e-02
166000	1.5785269003e-02
167000	1.5828306809e-02
168000	1.6029278006e-02
169000	1.6196818047e-02
170000	1.6399710570e-02
171000	1.6389335382e-02
172000	1.6344760508e-02
173000	1.6383187132e-02
174000	1.6597223374e-02
175000	1.6978799649e-02
176000	1.6766300476e-02
177000	1.6799347366e-02
178000	1.7154793546e-02
179000	1.7214739062e-02
180000	1.7876061102e-02
181000	1.7374209514e-02
182000	1.7682390964e-02
183000	1.7545592222e-02
184000	1.7575180711e-02
185000	1.7672784314e-02
186000	1.7759244198e-02
187000	1.7838018750e-02
188000	1.8071652572e-02
189000	1.8348708465e-02
190000	1.8270702436e-02
191000	1.8283383215e-02
192000	1.8402889989e-02
193000	1.8464372566e-02
194000	1.8584647871e-02
195000	1.8823277154e-02
196000	1.8903588774e-02
197000	1.8974293744e-02
198000	1.8971988153e-02
199000	1.9121083416e-02
200000	1.9308605297e-02
201000	1.9368166548e-02
202000	1.9394680916e-02
203000	1.9458469091e-02
204000	1.9702093821e-02
205000	1.9698635435e-02
206000	1.9798544628e-02
207000	1.9950714028e-02
208000	2.0076369052e-02
209000	2.0154375081e-02
210000	2.0260432539e-02
211000	2.0286946899e-02
212000	2.0445648821e-02
213000	2.0449491480e-02
214000	2.0608961931e-02
215000	2.0701570073e-02
216000	2.0854123730e-02
217000	2.0898698604e-02
218000	2.1044335474e-02
219000	2.1667999426e-02
220000	2.1220329370e-02
221000	2.1443587997e-02
222000	2.1394401934e-02
223000	2.1484704484e-02
224000	2.1646480527e-02
225000	2.1812099236e-02
226000	2.1997315518e-02
227000	2.2149869175e-02
228000	2.2240940256e-02
229000	2.2335085458e-02
230000	2.2313182286e-02
231000	2.3299209221e-02
232000	2.3841024486e-02
233000	2.3751490473e-02
234000	2.3532074505e-02
235000	2.2639039984e-02
236000	2.3123599596e-02
237000	2.2848849294e-02
238000	2.3025227456e-02
239000	2.6573156778e-02
240000	2.4054676462e-02
241000	2.3359154737e-02
242000	2.3598168278e-02
243000	2.3720364916e-02
244000	2.3623529843e-02
245000	2.3948619004e-02
246000	2.3932864096e-02
247000	2.3986277083e-02
248000	2.4116543311e-02
249000	2.4257184719e-02
250000	2.4302912389e-02
251000	2.4428951685e-02
252000	2.4620700497e-02
253000	2.4675266286e-02
254000	2.4783245070e-02
255000	2.4768642957e-02
256000	2.4990748796e-02
257000	2.5142533916e-02
258000	2.5257429494e-02
259000	2.5353496036e-02
260000	2.5500669966e-02
261000	2.5448409775e-02
262000	2.5615565544e-02
263000	2.5713169147e-02
264000	2.5818842340e-02
265000	2.5780415723e-02
266000	2.6070152395e-02
267000	2.6225780188e-02
268000	2.6101662217e-02
269000	2.6254600147e-02
270000	2.6536651494e-02
271000	2.6524739245e-02
272000	2.6558170401e-02
273000	2.6776433573e-02
274000	2.6649241481e-02
275000	2.6831383628e-02
276000	2.6942436547e-02
277000	2.7162236787e-02
278000	2.7229483356e-02
279000	2.7307873650e-02
280000	2.7461580110e-02
281000	2.8316956552e-02
282000	2.7524984027e-02
283000	2.7825095880e-02
284000	2.7885809934e-02
285000	2.7961126099e-02
286000	2.8428009471e-02
287000	2.8283141131e-02
288000	2.8386508726e-02
289000	2.8376517803e-02
290000	2.8445685712e-02
291000	2.8705449622e-02
292000	2.8692768843e-02
293000	2.8891818707e-02
294000	2.8782302856e-02
295000	2.9014015337e-02
296000	2.9042835304e-02
297000	2.9308363206e-02
298000	2.9381373774e-02
299000	2.9519709584e-02
300000	2.9473981915e-02
301000	2.9797918280e-02
302000	2.9784084698e-02
303000	2.9786390289e-02
304000	3.0046154207e-02
305000	3.0056913660e-02
306000	3.0371243367e-02
307000	3.0355104187e-02
308000	3.0322441569e-02
309000	3.0762810573e-02
310000	3.0431188890e-02
311000	3.0923818085e-02
312000	3.1075987477e-02
313000	3.0854265911e-02
314000	3.1131321804e-02
315000	3.1223161408e-02
316000	3.1318075147e-02
317000	3.1955956947e-02
318000	3.1987851042e-02
319000	3.1672368539e-02
320000	3.2307560468e-02
321000	3.1849130959e-02
322000	3.1894858635e-02
323000	3.1919067405e-02
324000	3.2146168698e-02
325000	3.2266059730e-02
326000	3.2225327515e-02
327000	3.2387103565e-02
328000	3.2678761570e-02
329000	3.2567708658e-02
330000	3.2829393902e-02
331000	3.3023064039e-02
332000	3.3062259186e-02
333000	3.2916238044e-02
334000	3.3053805331e-02
335000	3.3147950533e-02
336000	3.3392343808e-02
337000	3.3618292298e-02
338000	3.3592930733e-02
339000	3.3606380050e-02
340000	3.4121680954e-02
341000	3.4180857932e-02
342000	3.3941844391e-02
343000	3.4122833742e-02
344000	3.4195844310e-02
345000	3.4582416061e-02
346000	3.4472131680e-02
347000	3.4487118057e-02
348000	3.4773012070e-02
349000	3.4774933396e-02
350000	3.6190954146e-02
351000	3.5096179890e-02
352000	3.5153819816e-02
353000	3.5082730574e-02
354000	3.5546924082e-02
355000	3.5519641191e-02
356000	3.5524252380e-02
357000	3.5725992107e-02
358000	3.6140231015e-02
359000	3.5942333954e-02
360000	3.6127165964e-02
361000	3.6128703025e-02
362000	3.8449670545e-02
363000	3.8639498023e-02
364000	3.7760681356e-02
365000	3.6369253634e-02
366000	3.7012130902e-02
367000	3.6745065925e-02
368000	3.6851123383e-02
369000	3.6917601421e-02
370000	3.7293029454e-02
371000	3.7352206433e-02
372000	3.7261903890e-02
373000	3.7435976461e-02
374000	3.7747616298e-02
375000	3.7736088321e-02
376000	3.7608896222e-02
377000	3.7748769100e-02
378000	3.7882493722e-02
379000	3.8568793061e-02
380000	3.8230254577e-02
381000	3.8274445193e-02
382000	3.8597613013e-02
383000	3.8871594777e-02
384000	3.8652178810e-02
385000	3.8670239315e-02
386000	3.9264699044e-02
387000	3.9475661157e-02
388000	3.9172475175e-02
389000	3.9107149925e-02
390000	3.9504865381e-02
391000	3.9421863905e-02
392000	3.9509476577e-02
393000	3.9589019674e-02
394000	3.9905270707e-02
395000	3.9849167850e-02
396000	4.0016707891e-02
397000	4.0019397755e-02
398000	4.0241503593e-02
399000	4.0407122295e-02
400000	4.0553527695e-02
401000	4.0270707810e-02
402000	4.0696858967e-02
403000	4.0650747032e-02
404000	4.0729905857e-02
405000	4.0742586636e-02
406000	4.1908065861e-02
407000	4.1155288483e-02
408000	4.1545318622e-02
409000	4.1333587971e-02
410000	4.1956099136e-02
411000	4.1795091616e-02
412000	4.2230465158e-02
413000	4.2201645199e-02
414000	4.2077142964e-02
415000	4.1835439559e-02
416000	4.2278498426e-02
417000	4.2775354552e-02
418000	4.2511363710e-02
419000	4.2393009739e-02
420000	4.3171917219e-02
421000	4.2681593615e-02
422000	4.2630870485e-02
423000	4.3215723555e-02
424000	4.3126573808e-02
425000	4.3173838545e-02
426000	4.3199584376e-02
427000	4.3011293972e-02
428000	4.3525057808e-02
429000	4.3621892873e-02
430000	4.3694903434e-02
431000	4.4389656636e-02
432000	4.3766761206e-02
433000	4.4165629464e-02
434000	4.4363526533e-02
435000	4.4454597613e-02
436000	4.4306270880e-02
437000	4.4463435734e-02
438000	4.4749714005e-02
439000	4.4605229938e-02
440000	4.5001792598e-02
441000	4.5550140392e-02
442000	4.4966824382e-02
443000	4.5057895455e-02
444000	4.5465601841e-02
445000	4.5665804500e-02
446000	4.5583955813e-02
447000	4.5650433858e-02
448000	4.6208004031e-02
449000	4.5958231036e-02
450000	4.5836418671e-02
451000	4.5882914870e-02
452000	4.6122696949e-02
453000	4.6274097811e-02
454000	4.6506578823e-02
455000	4.7833449826e-02
456000	5.2801242564e-02
457000	4.8143552609e-02
458000	4.6941952372e-02
459000	4.6939262509e-02
460000	4.7069913002e-02
461000	4.7127552920e-02
462000	4.7482614842e-02
463000	4.7622487720e-02
464000	4.7586750967e-02
465000	4.7788874959e-02
466000	4.7727392375e-02
467000	4.7416905327e-02
468000	4.8376802159e-02
469000	4.8350287798e-02
470000	4.8497461728e-02
471000	4.8613894374e-02
472000	4.8567013902e-02
473000	4.8714187840e-02
474000	4.9234868464e-02
475000	4.8773364826e-02
476000	4.9178381341e-02
477000	5.0132898446e-02
478000	4.9342078724e-02
479000	4.9218729284e-02
480000	4.9202590111e-02
481000	5.4808648907e-02
482000	5.0828420171e-02
483000	5.0787303699e-02
484000	5.0247409759e-02
485000	5.0223969520e-02
486000	4.9914635274e-02
487000	4.9791285841e-02
488000	5.0057582281e-02
489000	5.0179394653e-02
490000	5.0705455003e-02
491000	5.0672408121e-02
492000	5.0879527567e-02
493000	5.0743881620e-02
494000	5.0889518490e-02
495000	5.1141981348e-02
496000	5.0785766623e-02
497000	5.4655710985e-02
498000	5.2073442486e-02
499000	5.2196407647e-02
500000	5.1779478883e-02
501000	5.1920888829e-02
502000	5.1727987222e-02
503000	5.1777557550e-02
504000	5.1985829799e-02
505000	5.1996973518e-02
506000	5.2506126165e-02
507000	5.2489602720e-02
508000	5.2320525610e-02
509000	5.2639850786e-02
510000	5.2689421114e-02
511000	5.2611799350e-02
512000	5.2869257670e-02
513000	5.3812631057e-02
514000	5.4112358652e-02
515000	5.3487157631e-02
516000	5.3712721856e-02
517000	5.3511366401e-02
518000	5.3472171254e-02
519000	5.6841416823e-02
520000	5.3773820182e-02
521000	5.4123502370e-02
522000	5.4427072624e-02
523000	5.4183447894e-02
524000	5.4423998496e-02
525000	5.4938915127e-02
526000	5.4493934935e-02
527000	5.5149877247e-02
528000	5.4904331184e-02
529000	5.5239026995e-02
530000	5.5505707700e-02
531000	5.5142576195e-02
532000	5.7218381909e-02
533000	5.7076587706e-02
534000	5.7301383393e-02
535000	5.5470355212e-02
536000	5.5909571412e-02
537000	5.5678627461e-02
538000	5.6195465433e-02
539000	5.8782729393e-02
540000	5.6245804299e-02
541000	5.6740739092e-02
542000	5.6738817759e-02
543000	5.6431789104e-02
544000	5.6851407739e-02
545000	5.7151135334e-02
546000	5.6772248914e-02
547000	5.7127695101e-02
548000	5.8312003363e-02
549000	5.7206469661e-02
550000	5.7693719129e-02
551000	5.7325207898e-02
552000	5.7527331890e-02
553000	5.7619555766e-02
554000	5.7962705432e-02
555000	5.8052239445e-02
556000	5.7727918815e-02
557000	5.8390009392e-02
558000	5.8222469350e-02
559000	5.8268197019e-02
560000	5.8858429824e-02
561000	5.9186593106e-02
562000	5.8640166651e-02
563000	5.8825382934e-02
564000	5.9228093851e-02
565000	5.9440593031e-02
566000	5.9269978861e-02
567000	5.9777594441e-02
568000	5.9540117967e-02
569000	5.9718801720e-02
570000	5.9973570176e-02
571000	6.0031978632e-02
572000	5.9943213149e-02
573000	6.0136114756e-02
574000	6.2175799460e-02
575000	6.0345924066e-02
576000	6.1449152177e-02
577000	6.0553427793e-02
578000	6.0651031388e-02
579000	6.0548432331e-02
580000	6.1036450330e-02
581000	6.1189388260e-02
582000	6.1140970727e-02
583000	6.0992643994e-02
584000	6.1479124932e-02
585000	6.1249333783e-02
586000	6.3171048780e-02
587000	6.1730434994e-02
588000	6.1687012916e-02
589000	6.2200008222e-02
590000	6.2196934094e-02
591000	6.2398673821e-02
592000	6.2339112570e-02
593000	6.2454392413e-02
594000	6.2720688853e-02
595000	6.2556607205e-02
596000	6.3259814255e-02
597000	6.2847496680e-02
598000	6.6293211203e-02
599000	6.3715553901e-02
600000	6.3086125956e-02
601000	6.3230994296e-02
602000	6.3567995698e-02
603000	6.7782242528e-02
604000	6.3699414728e-02
605000	6.3682891283e-02
606000	6.4418760951e-02
607000	6.4323462946e-02
608000	6.4263133165e-02
609000	6.4156307169e-02
610000	6.5304494412e-02
611000	6.4835689715e-02
612000	6.4681983262e-02
613000	6.5067402204e-02
614000	6.4940978635e-02
615000	6.5563874065e-02
616000	6.5272984597e-02
617000	6.5204969484e-02
618000	6.5704899738e-02
619000	6.5957746861e-02
620000	6.5886273362e-02
621000	6.5755622869e-02
622000	6.7282696531e-02
623000	6.6023072111e-02
624000	6.9692429533e-02
625000	6.6156412460e-02
626000	6.6549516727e-02
627000	6.7243117119e-02
628000	6.6699764793e-02
629000	6.7252723777e-02
630000	6.6567577232e-02
631000	6.7064817631e-02
632000	6.7643522445e-02
633000	6.7293840249e-02
634000	6.7389138254e-02
635000	6.7596257708e-02
636000	6.7382989997e-02
637000	6.7783011058e-02
638000	6.8111174340e-02
639000	6.7801455829e-02
640000	6.7783395323e-02
641000	6.8473921579e-02
642000	6.8292547970e-02
643000	6.9123331370e-02
644000	6.8229528319e-02
645000	6.8927739907e-02
646000	6.8629165107e-02
647000	6.8691031964e-02
648000	6.8921591643e-02
649000	6.8900072743e-02
650000	6.9245912273e-02
651000	6.9951809186e-02
652000	7.0110511100e-02
653000	6.9538338808e-02
654000	6.9933364408e-02
655000	6.9874187422e-02
656000	7.1667941789e-02
657000	7.5783432207e-02
658000	7.0334922530e-02
659000	7.1692919089e-02
660000	7.0201582181e-02
661000	7.0924002532e-02
662000	7.1108450284e-02
663000	7.1793212548e-02
664000	7.2756183516e-02
665000	7.2012628523e-02
666000	7.1426238384e-02
667000	7.1549203545e-02
668000	7.1421242923e-02
669000	7.1285596976e-02
670000	7.1634894906e-02
671000	7.1949608879e-02
672000	7.2315045982e-02
673000	7.2274698032e-02
674000	7.3528558467e-02
675000	7.2017239720e-02
676000	7.2346171532e-02
677000	7.2467983904e-02
678000	7.2586337876e-02
679000	7.2838032203e-02
680000	7.2906815847e-02
681000	7.2390746413e-02
682000	7.3141602457e-02
683000	7.3207696238e-02
684000	7.3209617563e-02
685000	7.3602721837e-02
686000	7.3407898897e-02
687000	7.3621166608e-02
688000	7.4000053035e-02
689000	7.9897769836e-02
690000	7.3943950170e-02
691000	7.4063456945e-02
692000	7.4171820001e-02
693000	7.4354730677e-02
694000	7.4780497576e-02
695000	7.5345753066e-02
696000	7.4851586811e-02
697000	7.5124031508e-02
698000	7.5153619997e-02
699000	7.5114809115e-02
700000	7.5366503443e-02
701000	7.5474482233e-02
702000	7.5301946730e-02
703000	7.5677759021e-02
704000	7.6355988764e-02
705000	7.5801108454e-02
706000	7.6079317143e-02
707000	7.6695295771e-02
708000	7.6193828456e-02
709000	7.6178073541e-02
710000	8.0820392854e-02
711000	7.7389664701e-02
712000	7.7418484660e-02
713000	7.7137586108e-02
714000	7.7272079259e-02
715000	7.7390433231e-02
716000	7.7776236445e-02
717000	7.7526847715e-02
718000	7.8374154560e-02
719000	7.7774315112e-02
720000	7.7939165290e-02
721000	7.7667104859e-02
722000	7.8416039578e-02
723000	7.8281930691e-02
724000	7.8754578048e-02
725000	7.8313824779e-02
726000	8.0733932969e-02
727000	7.8285004820e-02
728000	7.9130390339e-02
729000	7.8839885136e-02
730000	7.9256045370e-02
731000	7.8941331398e-02
732000	7.9508892501e-02
733000	7.9334819929e-02
734000	8.0260517083e-02
735000	8.0166756139e-02
736000	8.0557939073e-02
737000	8.0556017740e-02
738000	8.0693200754e-02
739000	8.0596365689e-02
740000	8.0747766551e-02
741000	8.1569327573e-02
742000	8.1239242951e-02
743000	8.1893648196e-02
744000	8.1137412424e-02
745000	8.3354243812e-02
746000	8.1363745187e-02
747000	8.3094479902e-02
748000	8.1428301892e-02
749000	8.3247417824e-02
750000	8.2280604198e-02
751000	8.2227959749e-02
752000	8.1855221579e-02
753000	8.2805896025e-02
754000	8.2423935477e-02
755000	8.3149429964e-02
756000	8.3180171248e-02
757000	8.3340794503e-02
758000	8.3956773131e-02
759000	8.8038832400e-02
760000	8.8127213610e-02
761000	8.2925787057e-02
762000	8.2614915751e-02
763000	8.3384985111e-02
764000	8.3630146910e-02
765000	8.3242038105e-02
766000	8.3604401072e-02
767000	8.3144050237e-02
768000	8.3767714190e-02
769000	8.3346174230e-02
770000	8.4562760843e-02
771000	8.4390993878e-02
772000	8.4485139079e-02
773000	8.4108173993e-02
774000	8.5015042096e-02
775000	8.4615789572e-02
776000	8.4303765463e-02
777000	8.6447970556e-02
778000	8.5167211488e-02
779000	8.5139160066e-02
780000	8.5352427770e-02
781000	8.5523041940e-02
782000	8.5525731811e-02
783000	8.5349737907e-02
784000	8.8023461751e-02
785000	8.6129029653e-02
786000	8.6647020420e-02
787000	8.6252379086e-02
788000	8.5865423076e-02
789000	8.6751925075e-02
790000	8.8870000072e-02
791000	8.6148627226e-02
792000	8.7688381675e-02
793000	8.6786509033e-02
794000	8.7056263867e-02
795000	8.7762160772e-02
796000	8.7379431694e-02
797000	8.7851694792e-02
798000	8.7237253218e-02
799000	8.7791364997e-02
800000	8.8432320932e-02
801000	8.7898959522e-02
802000	8.8266317958e-02
803000	8.8044596392e-02
804000	8.8609467624e-02
805000	9.0939657537e-02
806000	9.1409999295e-02
807000	8.8825040933e-02
808000	8.8465752087e-02
809000	9.1802335031e-02
810000	8.8813512950e-02
811000	9.2193133700e-02
812000	8.9519409863e-02
813000	9.1365040156e-02
814000	9.1368882822e-02
815000	8.9897527752e-02
816000	9.0069678983e-02
817000	8.9326508256e-02
818000	8.9436024100e-02
819000	9.0349808997e-02
820000	8.9985908962e-02
821000	9.0116559448e-02
822000	9.1189430525e-02
823000	9.0957333778e-02
824000	9.0315993577e-02
825000	9.0520423168e-02
826000	9.2519375656e-02
827000	9.1312011427e-02
828000	9.1029960080e-02
829000	9.1817321409e-02
830000	9.4225133085e-02
831000	9.1390401722e-02
832000	9.1705499959e-02
833000	9.1624035544e-02
834000	9.2476722115e-02
835000	9.2403711547e-02
836000	9.2455971746e-02
837000	9.2902489007e-02
838000	9.1911466618e-02
839000	9.2819871788e-02
840000	9.2798737147e-02
841000	9.2668855184e-02
842000	9.3057348262e-02
843000	9.3501944197e-02
844000	9.3131511632e-02
845000	9.4419571753e-02
846000	9.2893266621e-02
847000	9.4169798751e-02
848000	9.3899659652e-02
849000	9.7297340915e-02
850000	9.3974591553e-02
851000	9.4306597508e-02
852000	9.4217063488e-02
853000	9.4480670065e-02
854000	9.5197326424e-02
855000	9.5118936137e-02
856000	9.4818055746e-02
857000	9.6281341233e-02
858000	9.5181571516e-02
859000	9.5260346083e-02
860000	9.5248818092e-02
861000	9.5841356488e-02
862000	9.5721081190e-02
863000	9.5840587957e-02
864000	9.5604264279e-02
865000	9.6178357904e-02
866000	9.6312851048e-02
867000	9.6318999313e-02
868000	9.6412760249e-02
869000	9.6877338015e-02
870000	9.7100212384e-02
871000	9.6639861542e-02
872000	9.6983779746e-02
873000	9.6757446976e-02
874000	9.7345758448e-02
875000	9.8876674776e-02
876000	9.7251997511e-02
877000	9.9299367532e-02
878000	9.9383906090e-02
879000	9.8609225541e-02
880000	9.9560284245e-02
881000	9.8316030468e-02
882000	9.8123513133e-02
883000	9.7993631171e-02
884000	9.8043201506e-02
885000	9.8304886757e-02
886000	9.8494714228e-02
887000	9.8855155869e-02
888000	1.0063546093e-01
889000	1.0014091039e-01
890000	1.0154924582e-01
891000	9.9743963467e-02
892000	9.9763561040e-02
893000	1.0043756387e-01
894000	9.9751264526e-02
895000	9.9422332707e-02
896000	1.0039721592e-01
897000	9.9941476263e-02
898000	1.0015435971e-01
899000	9.9765098108e-02
900000	1.0241538171e-01
901000	1.0395667323e-01
902000	1.0156384793e-01
903000	1.0266592324e-01
904000	1.0219980840e-01
905000	1.0206493099e-01
906000	1.0258330602e-01
907000	1.0270165999e-01
908000	1.0295834977e-01
909000	1.0171601732e-01
910000	1.0235120927e-01
911000	1.0288495494e-01
912000	1.0273163275e-01
913000	1.0280810171e-01
914000	1.0262403823e-01
915000	1.0283346328e-01
916000	1.0356702736e-01
917000	1.0401354462e-01
918000	1.0315739964e-01
919000	1.0363850085e-01
920000	1.0464527815e-01
921000	1.0480551714e-01
922000	1.0450002555e-01
923000	1.0662693866e-01
924000	1.0381641609e-01
925000	1.0392516340e-01
926000	1.0415918148e-01
927000	1.0424871550e-01
928000	1.0649436685e-01
929000	1.0619348646e-01
930000	1.0534156841e-01
931000	1.0596215824e-01
932000	1.0798762510e-01
933000	1.0565897225e-01
934000	1.0490081515e-01
935000	1.0510178634e-01
936000	1.0473827056e-01
937000	1.0518555636e-01
938000	1.0552678470e-01
939000	1.0572660309e-01
940000	1.0561939284e-01
941000	1.0591412496e-01
942000	1.0650013084e-01
943000	1.0595716278e-01
944000	1.0643326853e-01
945000	1.0773977343e-01
946000	1.0632836388e-01
947000	1.0628532607e-01
948000	1.0710919268e-01
949000	1.0727212153e-01
950000	1.0759836349e-01
951000	1.0708959511e-01
952000	1.0835306220e-01
953000	1.0886336764e-01
954000	1.0862704396e-01
955000	1.0754917742e-01
956000	1.0813941022e-01
957000	1.0837650243e-01
958000	1.0882417249e-01
959000	1.0864203034e-01
960000	1.0960922822e-01
961000	1.0890871104e-01
962000	1.0917116483e-01
963000	1.1011722807e-01
964000	1.0908124654e-01
965000	1.0983287113e-01
966000	1.1180454072e-01
967000	1.0956004216e-01
968000	1.0927376388e-01
969000	1.0894636913e-01
970000	1.0944898925e-01
971000	1.0981135222e-01
972000	1.1002423566e-01
973000	1.1246048303e-01
974000	1.1053300404e-01
975000	1.0987975160e-01
976000	1.1050034142e-01
977000	1.1065289508e-01
978000	1.1056797227e-01
979000	1.1083426870e-01
980000	1.1103562416e-01
981000	1.1048112811e-01
982000	1.1138146369e-01
983000	1.1313102746e-01
984000	1.1129077688e-01
985000	1.1182106417e-01
986000	1.1210849524e-01
987000	1.1174075254e-01
988000	1.1158743035e-01
989000	1.1260074017e-01
990000	1.1227372968e-01
991000	1.1239823192e-01
992000	1.1311296694e-01
993000	1.1323631638e-01
994000	1.1401483959e-01
995000	1.1506657603e-01
996000	1.1345150541e-01
997000	1.1328050699e-01
998000	1.1375008021e-01
999000	1.1352221039e-01
1000000	1.1447173204e-01
