1000	6.4172691054e-05
2000	1.5255424660e-04
3000	2.3670885639e-04
4000	3.1509945256e-04
5000	4.0693941264e-04
6000	5.2145116570e-04
7000	5.9753615278e-04
8000	6.9475586133e-04
9000	8.2809672676e-04
10000	8.9534356084e-04
11000	9.9141046667e-04
12000	1.1147603727e-03
13000	1.1800858701e-03
14000	1.2949818847e-03
15000	1.4102621753e-03
16000	1.5339963466e-03
17000	1.4348553013e-03
18000	1.5728073813e-03
19000	1.6438968887e-03
20000	1.7687838663e-03
21000	1.8544755440e-03
22000	1.8152802477e-03
23000	1.8702305206e-03
24000	2.3205921716e-03
25000	2.1699592617e-03
26000	2.1050180330e-03
27000	2.1730334083e-03
28000	2.5411617862e-03
29000	2.8850813105e-03
30000	3.0599230740e-03
31000	2.9761527367e-03
32000	2.6956373695e-03
33000	2.8493444224e-03
34000	2.9035261578e-03
35000	3.6009718897e-03
36000	3.3296789479e-03
37000	3.1798145756e-03
38000	3.1732820280e-03
39000	3.2685803963e-03
40000	3.4449592385e-03
41000	4.0624773064e-03
42000	3.7850360823e-03
43000	3.8372964773e-03
44000	4.5612566792e-03
45000	4.7975812631e-03
46000	4.6623190610e-03
47000	4.6154384108e-03
48000	4.5681734955e-03
49000	4.1754519843e-03
50000	5.1476490698e-03
51000	5.5910939082e-03
52000	5.7521020390e-03
53000	4.5650993525e-03
54000	5.8850586356e-03
55000	6.0264691201e-03
56000	4.9793398503e-03
57000	4.9378389485e-03
58000	4.9190098325e-03
59000	5.0050857826e-03
60000	5.1657096483e-03
61000	5.1837702267e-03
62000	5.3113470749e-03
63000	5.3447783575e-03
64000	5.4754293487e-03
65000	5.7175179536e-03
66000	7.7656643807e-03
67000	5.8650767205e-03
68000	5.8908226529e-03
69000	7.2503615011e-03
70000	6.7731011113e-03
71000	8.4727168069e-03
72000	8.1049726941e-03
73000	6.3980559135e-03
74000	6.3930604374e-03
75000	6.5360079898e-03
76000	7.1681282279e-03
77000	8.0254292916e-03
78000	6.7681056353e-03
79000	6.9752258823e-03
80000	6.9802213620e-03
81000	7.0912747033e-03
82000	7.2841770525e-03
83000	7.2430604159e-03
84000	7.2803343755e-03
85000	7.3944618598e-03
86000	7.5408678240e-03
87000	7.5458633000e-03
88000	7.8240730581e-03
89000	8.0142855331e-03
90000	8.4365956500e-03
91000	8.0826851699e-03
92000	8.3313063224e-03
93000	8.3655061389e-03
94000	8.6025992641e-03
95000	8.5645567706e-03
96000	8.8024184261e-03
97000	8.7244120987e-03
98000	8.9299952779e-03
99000	8.8166363275e-03
100000	8.9484401251e-03
101000	9.2035938251e-03
102000	9.2162746550e-03
103000	9.5555829685e-03
104000	1.1086120907e-02
105000	9.3296336054e-03
106000	9.3246381257e-03
107000	9.4629744708e-03
108000	9.6166815165e-03
109000	9.5932411932e-03
110000	9.7992086412e-03
111000	9.8695296147e-03
112000	9.9367764487e-03
113000	1.0040912974e-02
114000	1.0195772826e-02
115000	1.0213064867e-02
116000	1.0272242082e-02
117000	1.2032187795e-02
118000	1.0942404813e-02
119000	1.0779859611e-02
120000	1.1541093772e-02
121000	1.0938562140e-02
122000	1.2972106397e-02
123000	1.1838901180e-02
124000	1.1247513310e-02
125000	1.4185623550e-02
126000	1.3842088294e-02
127000	1.2164760123e-02
128000	1.4660578330e-02
129000	1.4103774545e-02
130000	1.3059719415e-02
131000	1.2473711289e-02
132000	1.2164375858e-02
133000	1.1969936437e-02
134000	1.1917676038e-02
135000	1.2237770970e-02
136000	1.2532888504e-02
137000	1.2576310746e-02
138000	1.2541726661e-02
139000	1.2817630814e-02
140000	1.3736414701e-02
141000	1.4364307994e-02
142000	1.3392110908e-02
143000	1.3612296258e-02
144000	1.3453209463e-02
145000	1.4456916491e-02
146000	1.4533770012e-02
147000	1.3727192276e-02
148000	1.3184606392e-02
149000	1.4109922828e-02
150000	1.3519687760e-02
151000	1.3852079250e-02
152000	1.3759470756e-02
153000	1.3706057554e-02
154000	1.3880899325e-02
155000	1.3930085581e-02
156000	1.4165257366e-02
157000	1.4209832410e-02
158000	1.4363923725e-02
159000	1.4307052115e-02
160000	1.4495727519e-02
161000	1.4714760066e-02
162000	1.4720908348e-02
163000	1.4785849573e-02
164000	1.4931487003e-02
165000	1.4763177784e-02
166000	1.5113629855e-02
167000	1.5056758246e-02
168000	1.5175881210e-02
169000	1.5412205801e-02
170000	1.5809154251e-02
171000	1.5355718457e-02
172000	1.5574751007e-02
173000	1.5690031290e-02
174000	1.5780718451e-02
175000	1.6161911932e-02
176000	1.5815302533e-02
177000	1.6211482456e-02
178000	1.6346360389e-02
179000	1.6203028568e-02
180000	1.6243376667e-02
181000	1.6428977931e-02
182000	1.6506599986e-02
183000	1.6927373035e-02
184000	1.6779045734e-02
185000	1.6737929098e-02
186000	1.7005763631e-02
187000	1.7002689492e-02
188000	1.7368512265e-02
189000	1.7177915524e-02
190000	1.7175609919e-02
191000	1.7230944457e-02
192000	1.7494552048e-02
193000	1.7541432695e-02
194000	1.7745478803e-02
195000	1.7999095435e-02
196000	1.7851152403e-02
197000	1.8002169574e-02
198000	1.8089398327e-02
199000	1.8125519480e-02
200000	1.8300361251e-02
201000	1.8308046605e-02
202000	1.8401423637e-02
203000	1.8515551117e-02
204000	1.8510171372e-02
205000	1.8929407346e-02
206000	1.8704995055e-02
207000	1.9032775337e-02
208000	1.8907504094e-02
209000	1.8912883839e-02
210000	1.9469687624e-02
211000	1.9407052005e-02
212000	1.9739059229e-02
213000	1.9876242772e-02
214000	2.0001898283e-02
215000	2.0404995019e-02
216000	2.0394619794e-02
217000	2.1681916325e-02
218000	2.1327237311e-02
219000	2.0334674042e-02
220000	2.0506057404e-02
221000	2.0269348548e-02
222000	2.0540641490e-02
223000	2.0569077293e-02
224000	2.0852282531e-02
225000	2.0930288858e-02
226000	2.0940279814e-02
227000	2.1156238221e-02
228000	2.1068240934e-02
229000	2.1087454315e-02
230000	2.1196586320e-02
231000	2.1269597171e-02
232000	2.1304949791e-02
233000	2.1526672208e-02
234000	2.1500542007e-02
235000	2.1598914522e-02
236000	2.1746857557e-02
237000	2.1809108912e-02
238000	2.1909402760e-02
239000	2.1967042903e-02
240000	2.2039669482e-02
241000	2.2221043801e-02
242000	2.2401649585e-02
243000	2.2596857536e-02
244000	2.2735578146e-02
245000	2.2943851196e-02
246000	2.3100632388e-02
247000	2.3059900021e-02
248000	2.3077192065e-02
249000	2.4050926218e-02
250000	2.3343489527e-02
251000	2.3570975962e-02
252000	2.3601333101e-02
253000	2.3673575412e-02
254000	2.3662431653e-02
255000	2.4321066358e-02
256000	2.3810374689e-02
257000	2.4211934353e-02
258000	2.4006351177e-02
259000	2.4181577210e-02
260000	2.4286482272e-02
261000	2.4557006680e-02
262000	2.4487838506e-02
263000	2.4447106138e-02
264000	2.4720320416e-02
265000	2.4577372860e-02
266000	2.6612838457e-02
267000	2.4829836690e-02
268000	2.5358204672e-02
269000	2.4913222765e-02
270000	2.5255220949e-02
271000	2.8612951435e-02
272000	2.5457345717e-02
273000	2.5694438838e-02
274000	2.5645636852e-02
275000	2.5486550057e-02
276000	2.6354226346e-02
277000	2.5945365600e-02
278000	2.6336550036e-02
279000	2.6190144072e-02
280000	2.6338471376e-02
281000	2.6197060888e-02
282000	2.6405718210e-02
283000	2.7454768820e-02
284000	2.7201920722e-02
285000	2.6620908080e-02
286000	2.6801513861e-02
287000	2.6976355628e-02
288000	2.7510103359e-02
289000	2.7265324883e-02
290000	2.7077033748e-02
291000	2.7183860144e-02
292000	2.7494732651e-02
293000	2.7862092498e-02
294000	2.7387137718e-02
295000	2.7590031023e-02
296000	2.7627304982e-02
297000	2.7907820346e-02
298000	2.8099954157e-02
299000	2.8152598821e-02
300000	2.8561843836e-02
301000	2.8156441495e-02
302000	2.8553774217e-02
303000	2.9650474014e-02
304000	3.0151943261e-02
305000	2.9069845634e-02
306000	2.9032187409e-02
307000	2.9123258835e-02
308000	2.9033340212e-02
309000	2.9296563531e-02
310000	2.9141703679e-02
311000	2.9322309463e-02
312000	2.9282345633e-02
313000	2.9380718144e-02
314000	2.9757300410e-02
315000	2.9381486678e-02
316000	2.9953661167e-02
317000	3.0178841997e-02
318000	3.0303728970e-02
319000	2.9959809450e-02
320000	3.0269144885e-02
321000	3.0599999311e-02
322000	3.1536459504e-02
323000	3.0437069836e-02
324000	3.0814804908e-02
325000	3.0922015576e-02
326000	3.0848620459e-02
327000	3.1517630392e-02
328000	3.1405808513e-02
329000	3.1390822074e-02
330000	3.1340098751e-02
331000	3.3149614981e-02
332000	3.1337408876e-02
333000	3.2009108680e-02
334000	3.1844642137e-02
335000	3.1744732558e-02
336000	3.1880379025e-02
337000	3.2071744303e-02
338000	3.2126694572e-02
339000	3.1994890778e-02
340000	3.3170365434e-02
341000	3.2473688236e-02
342000	3.2622399805e-02
343000	3.2590889859e-02
344000	3.2992065258e-02
345000	3.2750360922e-02
346000	3.3164601420e-02
347000	3.3083136685e-02
348000	3.3276807568e-02
349000	3.3273349156e-02
350000	3.3596518228e-02
351000	3.3703728895e-02
352000	3.4285894340e-02
353000	3.4311256004e-02
354000	3.3833227084e-02
355000	3.3910080609e-02
356000	3.3850519128e-02
357000	3.5032910600e-02
358000	3.4406938645e-02
359000	3.4252078793e-02
360000	3.3989624004e-02
361000	3.4536436833e-02
362000	3.4380039910e-02
363000	3.4775835564e-02
364000	3.4766613138e-02
365000	3.5982051628e-02
366000	3.5322264121e-02
367000	3.5456757789e-02
368000	3.5305740614e-02
369000	3.5609696301e-02
370000	3.5477508238e-02
371000	3.5379904264e-02
372000	3.5890980202e-02
373000	3.5950925951e-02
374000	3.5588177318e-02
375000	3.5603548018e-02
376000	3.6072354516e-02
377000	3.6114623959e-02
378000	3.6021631196e-02
379000	3.6940415077e-02
380000	3.6377078741e-02
381000	3.6930424118e-02
382000	3.6322128475e-02
383000	3.6749818337e-02
384000	3.7761594987e-02
385000	3.6793240579e-02
386000	3.7396925014e-02
387000	3.7206712539e-02
388000	3.7349275830e-02
389000	3.7922218853e-02
390000	3.7588674557e-02
391000	3.7924908727e-02
392000	3.7902621203e-02
393000	3.7928367135e-02
394000	3.7868805655e-02
395000	3.8492087737e-02
396000	3.8481712512e-02
397000	3.8689217028e-02
398000	3.8364895154e-02
399000	3.8636188096e-02
400000	3.8274207996e-02
401000	3.8634266759e-02
402000	3.8905559701e-02
403000	3.9040821903e-02
404000	3.8743398760e-02
405000	3.8745320100e-02
406000	3.9348620267e-02
407000	4.3034899572e-02
408000	4.2402010797e-02
409000	3.9951151899e-02
410000	4.0115618442e-02
411000	3.9958452984e-02
412000	4.0557526208e-02
413000	4.0447241401e-02
414000	4.0549840858e-02
415000	4.0891839039e-02
416000	4.0058746836e-02
417000	4.0295839957e-02
418000	4.0291228746e-02
419000	4.0780785697e-02
420000	4.1086278456e-02
421000	4.1011346271e-02
422000	4.0592878828e-02
423000	4.1335668146e-02
424000	4.1098190755e-02
425000	4.1070139217e-02
426000	4.1270726913e-02
427000	4.5446178901e-02
428000	4.1460939388e-02
429000	4.1431350779e-02
430000	4.2014284765e-02
431000	4.2488471008e-02
432000	4.1740686218e-02
433000	4.2220252210e-02
434000	4.2030424007e-02
435000	4.3423009865e-02
436000	4.2405469205e-02
437000	4.3959831739e-02
438000	4.2886956533e-02
439000	4.3760396842e-02
440000	4.3569415833e-02
441000	4.2896178958e-02
442000	4.3464126506e-02
443000	4.3871450183e-02
444000	4.3868760309e-02
445000	4.2949592160e-02
446000	4.3379971892e-02
447000	4.3809583094e-02
448000	4.3423778403e-02
449000	4.3747716012e-02
450000	4.3877598466e-02
451000	4.3652417637e-02
452000	4.4188086707e-02
453000	4.4017856148e-02
454000	4.5241748525e-02
455000	4.4389442941e-02
456000	4.4917426650e-02
457000	4.4978140937e-02
458000	4.4914352511e-02
459000	4.4660735883e-02
460000	4.5180265708e-02
461000	4.5319370587e-02
462000	4.5420432973e-02
463000	4.5493059548e-02
464000	4.5276332614e-02
465000	4.5204090296e-02
466000	4.5797015238e-02
467000	4.5370093911e-02
468000	4.6349207812e-02
469000	4.6424908538e-02
470000	4.6527507991e-02
471000	4.6782277426e-02
472000	4.6356508898e-02
473000	4.6456034212e-02
474000	4.7722964562e-02
475000	4.7200360597e-02
476000	4.7092765661e-02
477000	4.6846450117e-02
478000	4.7973507051e-02
479000	4.7551965472e-02
480000	4.7206124611e-02
481000	4.7387883198e-02
482000	4.7281056795e-02
483000	4.7264917557e-02
484000	4.7844393132e-02
485000	4.7713357875e-02
486000	4.8298213194e-02
487000	4.8382367804e-02
488000	4.7997331643e-02
489000	4.9758045890e-02
490000	4.8832729459e-02
491000	4.8136436526e-02
492000	4.8223665275e-02
493000	4.8865392204e-02
494000	4.8432706863e-02
495000	4.8655197814e-02
496000	4.9509040473e-02
497000	4.9119393105e-02
498000	4.9516725827e-02
499000	4.9288086590e-02
500000	4.9080582074e-02
501000	4.9494438303e-02
502000	4.9722309002e-02
503000	4.9894460899e-02
504000	4.9328050423e-02
505000	4.9748823469e-02
506000	5.0430898500e-02
507000	5.0202259263e-02
508000	4.9722309002e-02
509000	5.0842833389e-02
510000	5.0015889465e-02
511000	5.0075450948e-02
512000	5.0444347864e-02
513000	5.4808859521e-02
514000	5.1286662496e-02
515000	5.0648009703e-02
516000	5.4629406543e-02
517000	5.1779677851e-02
518000	5.1387724878e-02
519000	5.3085419233e-02
520000	5.2603163371e-02
521000	5.1935690506e-02
522000	5.2103231192e-02
523000	5.2042901174e-02
524000	5.1918398465e-02
525000	5.2754180542e-02
526000	5.2080559402e-02
527000	5.4411526799e-02
528000	5.2963222130e-02
529000	5.2475586515e-02
530000	5.2782616345e-02
531000	5.2447150712e-02
532000	5.3216454493e-02
533000	5.3235283605e-02
534000	5.3289849609e-02
535000	5.9206418195e-02
536000	5.3903909273e-02
537000	5.3397060274e-02
538000	5.3584967143e-02
539000	5.3739826995e-02
540000	5.3919664242e-02
541000	5.4277033130e-02
542000	5.3987295345e-02
543000	5.4501829691e-02
544000	5.3740211264e-02
545000	5.5289962584e-02
546000	5.4678208529e-02
547000	5.4459560251e-02
548000	5.5839849552e-02
549000	5.5151241973e-02
550000	5.4813086463e-02
551000	5.4697421911e-02
552000	5.5630807965e-02
553000	5.5801807055e-02
554000	5.5656169628e-02
555000	5.6853931808e-02
556000	5.6088854970e-02
557000	5.6170319705e-02
558000	6.3300789709e-02
559000	5.6533452611e-02
560000	5.6469664185e-02
561000	5.6119596382e-02
562000	5.5970116278e-02
563000	5.6906192203e-02
564000	5.6352462558e-02
565000	5.6330943571e-02
566000	5.7810373917e-02
567000	5.6966522221e-02
568000	5.8530875711e-02
569000	5.6813967974e-02
570000	5.7544076455e-02
571000	5.8330288011e-02
572000	5.7072195817e-02
573000	5.8131237383e-02
574000	5.7658203943e-02
575000	5.7863402850e-02
576000	5.7934492361e-02
577000	5.8233452572e-02
578000	5.8376400128e-02
579000	5.7557525823e-02
580000	5.9272127954e-02
581000	5.8283023096e-02
582000	5.8613493249e-02
583000	5.8635012236e-02
584000	5.8354112607e-02
585000	5.9316318733e-02
586000	5.8598891083e-02
587000	5.9021969733e-02
588000	5.9742471523e-02
589000	5.9295952549e-02
590000	5.9379338622e-02
591000	6.0186300630e-02
592000	6.2071901852e-02
593000	6.1537769860e-02
594000	6.0039126129e-02
595000	6.0017607142e-02
596000	5.9600292505e-02
597000	6.1260328635e-02
598000	6.0454903698e-02
599000	6.0379971510e-02
600000	6.0482955236e-02
601000	6.1208068237e-02
602000	6.1249184873e-02
603000	6.0317720156e-02
604000	6.1077032977e-02
605000	6.1308362085e-02
606000	6.1113154134e-02
607000	6.1177711097e-02
608000	6.1435170403e-02
609000	6.1212679448e-02
610000	6.2024252667e-02
611000	6.1731825008e-02
612000	6.1943556469e-02
613000	6.2211006731e-02
614000	6.1779858457e-02
615000	6.1978140551e-02
616000	6.2438877434e-02
617000	6.3013741794e-02
618000	6.5298981346e-02
619000	6.4353682992e-02
620000	6.2750902740e-02
621000	6.2728999488e-02
622000	6.2926897313e-02
623000	6.3797263476e-02
624000	6.4138493126e-02
625000	6.3354587175e-02
626000	6.3200880126e-02
627000	6.4068556418e-02
628000	6.3060622444e-02
629000	6.3470635996e-02
630000	6.4633814090e-02
631000	6.4708746275e-02
632000	6.4706824938e-02
633000	6.4295658583e-02
634000	6.4681847543e-02
635000	6.4653796006e-02
636000	6.8891883613e-02
637000	6.6031779701e-02
638000	6.4668398179e-02
639000	6.4560034705e-02
640000	6.5949546432e-02
641000	6.5036910830e-02
642000	6.5068805041e-02
643000	6.5151422576e-02
644000	6.5000405404e-02
645000	6.5079564534e-02
646000	6.5544528356e-02
647000	6.6266567217e-02
648000	6.6454474087e-02
649000	6.6756892706e-02
650000	6.6779180230e-02
651000	6.7112340254e-02
652000	6.6323054562e-02
653000	6.6455626889e-02
654000	6.7098506621e-02
655000	6.6763809522e-02
656000	6.7165753455e-02
657000	6.6712317657e-02
658000	6.7146540074e-02
659000	7.2565097817e-02
660000	6.7515821258e-02
661000	6.9681937846e-02
662000	6.7660690154e-02
663000	6.8701671142e-02
664000	6.8505694657e-02
665000	6.8495703697e-02
666000	6.8123732639e-02
667000	6.8519528286e-02
668000	6.8637498451e-02
669000	6.8074930648e-02
670000	6.9199297712e-02
671000	6.8661323039e-02
672000	6.7792878213e-02
673000	7.0673348313e-02
674000	7.2598913368e-02
675000	6.8951060828e-02
676000	6.9109379088e-02
677000	6.9620070761e-02
678000	7.0573438730e-02
679000	6.9495568048e-02
680000	7.0527710883e-02
681000	7.0151128613e-02
682000	7.0579587013e-02
683000	6.9859469488e-02
684000	7.0254880873e-02
685000	6.9918646703e-02
686000	7.0425495695e-02
687000	7.0011639469e-02
688000	7.1385011950e-02
689000	7.0563447771e-02
690000	7.1519889883e-02
691000	7.0496585206e-02
692000	7.1648619538e-02
693000	7.0788628600e-02
694000	7.2100518260e-02
695000	7.1192109604e-02
696000	7.2544731633e-02
697000	7.1133316658e-02
698000	7.2166612295e-02
699000	7.4364623091e-02
700000	7.5220771356e-02
701000	7.2940527283e-02
702000	7.3221426916e-02
703000	7.3316725287e-02
704000	7.5774501001e-02
705000	7.6048483814e-02
706000	7.3498868140e-02
707000	7.3070025475e-02
708000	7.2814103238e-02
709000	7.2978954046e-02
710000	7.4090256010e-02
711000	7.2776829278e-02
712000	7.3315956750e-02
713000	7.3464284051e-02
714000	7.3327869046e-02
715000	7.3618375369e-02
716000	7.4770025436e-02
717000	7.3390120400e-02
718000	7.4212068848e-02
719000	7.6272127571e-02
720000	7.4329270472e-02
721000	7.4649365401e-02
722000	7.4403049854e-02
723000	7.5283022710e-02
724000	7.8621924084e-02
725000	7.4241273185e-02
726000	7.4893759611e-02
727000	7.5722624872e-02
728000	7.4923732482e-02
729000	7.5071291249e-02
730000	7.5371404266e-02
731000	7.6660237872e-02
732000	7.6700201702e-02
733000	7.5628479306e-02
734000	7.7101761366e-02
735000	7.6141860849e-02
736000	7.5659220714e-02
737000	8.4066996293e-02
738000	7.7516386133e-02
739000	7.6359356321e-02
740000	7.6126105876e-02
741000	7.6633723402e-02
742000	7.6412385253e-02
743000	7.6753230634e-02
744000	7.6629880728e-02
745000	7.7678931335e-02
746000	7.7086006393e-02
747000	7.8967380676e-02
748000	7.7947918675e-02
749000	7.7618217052e-02
750000	8.0788040672e-02
751000	7.8900518110e-02
752000	8.0487927655e-02
753000	7.8687249577e-02
754000	7.8158881595e-02
755000	7.9482299287e-02
756000	7.7921404205e-02
757000	7.8571969290e-02
758000	7.9262113941e-02
759000	7.9466160048e-02
760000	7.8663424985e-02
761000	8.7039306349e-02
762000	7.8982751380e-02
763000	8.3436028854e-02
764000	7.9046539802e-02
765000	8.0067923147e-02
766000	7.9627168183e-02
767000	8.0232389686e-02
768000	8.0320002708e-02
769000	8.0129405964e-02
770000	8.1613063256e-02
771000	8.1498551503e-02
772000	8.1160780261e-02
773000	8.1655716960e-02
774000	8.3102868830e-02
775000	8.1433994543e-02
776000	8.0494075937e-02
777000	8.1620364341e-02
778000	8.1714894175e-02
779000	8.1921245888e-02
780000	8.2960305539e-02
781000	8.1436684417e-02
782000	8.1895884225e-02
783000	8.1163854404e-02
784000	8.2611390539e-02
785000	8.1601150960e-02
786000	8.2309740457e-02
787000	8.2229428521e-02
788000	8.1038198892e-02
789000	8.2269776620e-02
790000	8.2706688907e-02
791000	8.2482276615e-02
792000	8.2644821821e-02
793000	8.2488424898e-02
794000	8.2845025252e-02
795000	8.3867561396e-02
796000	8.4267199723e-02
797000	8.3341114754e-02
798000	8.4218013468e-02
799000	8.3440255799e-02
800000	8.4333678020e-02
801000	8.4205716903e-02
802000	8.8871878645e-02
803000	8.4694121051e-02
804000	8.3697330840e-02
805000	8.3579360678e-02
806000	8.4664916711e-02
807000	8.4344821782e-02
808000	8.5077235872e-02
809000	8.5057253953e-02
810000	8.5179451060e-02
811000	8.5855377805e-02
812000	8.5239012540e-02
813000	8.6113989917e-02
814000	8.7970002533e-02
815000	8.7734446479e-02
816000	8.6963605627e-02
817000	8.5625585769e-02
818000	8.5870364244e-02
819000	8.6552439276e-02
820000	9.2759898445e-02
821000	8.5717041464e-02
822000	8.6530920289e-02
823000	8.6323031501e-02
824000	8.5943759357e-02
825000	8.6881372357e-02
826000	8.6837950115e-02
827000	8.7536164385e-02
828000	8.6857932034e-02
829000	8.7448935636e-02
830000	8.7319821716e-02
831000	8.7689487169e-02
832000	8.8644007941e-02
833000	8.9011367789e-02
834000	8.7727529663e-02
835000	8.7367086635e-02
836000	8.8536797273e-02
837000	8.8369256595e-02
838000	8.7860101994e-02
839000	8.9046336143e-02
840000	8.8494143569e-02
841000	8.8915685152e-02
842000	8.9466724923e-02
843000	8.9518985318e-02
844000	9.0193374996e-02
845000	8.9222714982e-02
846000	8.9980490731e-02
847000	9.1766566642e-02
848000	9.2231530463e-02
849000	8.9379880439e-02
850000	8.9171223121e-02
851000	8.9853682417e-02
852000	9.1415346036e-02
853000	9.1404202274e-02
854000	8.9634265605e-02
855000	9.1169799023e-02
856000	9.4243555737e-02
857000	9.0307886749e-02
858000	9.0667176974e-02
859000	9.1093329767e-02
860000	9.0528456363e-02
861000	9.1508338799e-02
862000	9.1658971705e-02
863000	9.2753365898e-02
864000	9.1667809862e-02
865000	9.1293533198e-02
866000	9.4111751943e-02
867000	9.2180422871e-02
868000	9.2108949091e-02
869000	9.1940255606e-02
870000	9.3055784517e-02
871000	9.2349500625e-02
872000	9.2511277293e-02
873000	9.2092425584e-02
874000	9.2517425579e-02
875000	9.4083700405e-02
876000	9.2935893015e-02
877000	9.4187452662e-02
878000	9.3619889383e-02
879000	9.2596584705e-02
880000	9.3733248334e-02
881000	9.2799093745e-02
882000	9.3062317064e-02
883000	9.5077032209e-02
884000	9.4219346876e-02
885000	9.4540594608e-02
886000	9.3989939105e-02
887000	9.4686232038e-02
888000	9.5768329662e-02
889000	9.5271855895e-02
890000	9.4543668751e-02
891000	9.9355083650e-02
892000	9.5033225698e-02
893000	9.5758338703e-02
894000	9.6145680469e-02
895000	9.8716046592e-02
896000	9.5103930940e-02
897000	9.6183722962e-02
898000	9.7765368497e-02
899000	9.9604473337e-02
900000	9.5719143406e-02
901000	9.6360870335e-02
902000	9.5752958958e-02
903000	9.7321923658e-02
904000	9.6466159663e-02
905000	9.6352032178e-02
906000	9.7491001412e-02
907000	9.7438356748e-02
908000	9.6965707573e-02
909000	9.6806620779e-02
910000	9.8928546591e-02
911000	9.7705422748e-02
912000	9.8012068309e-02
913000	9.8146561973e-02
914000	9.9223279856e-02
915000	9.7531349515e-02
916000	9.9104541161e-02
917000	1.0250838376e-01
918000	9.7964803394e-02
919000	1.0324310345e-01
920000	9.8397873004e-02
921000	1.0042949592e-01
922000	9.9382366650e-02
923000	9.8493939906e-02
924000	9.8011684044e-02
925000	1.0076380875e-01
926000	9.9036910058e-02
927000	9.8965436282e-02
928000	9.9681326861e-02
929000	1.0015666591e-01
930000	9.9792764471e-02
931000	1.0020200949e-01
932000	1.0272587923e-01
933000	1.0245343349e-01
934000	1.0014398508e-01
935000	1.0044601943e-01
936000	1.0143819843e-01
937000	1.0059549953e-01
938000	1.0084604202e-01
939000	1.0030576175e-01
940000	1.0080146698e-01
941000	1.0138171109e-01
942000	1.0146356009e-01
943000	1.0049021021e-01
944000	1.0156001127e-01
945000	1.0140246154e-01
946000	1.0277160708e-01
947000	1.0199039101e-01
948000	1.0272242082e-01
949000	1.0149583857e-01
950000	1.0549644879e-01
951000	1.0239925175e-01
952000	1.0338989368e-01
953000	1.0365619115e-01
954000	1.0249839280e-01
955000	1.0293607362e-01
956000	1.0426333399e-01
957000	1.0348403925e-01
958000	1.0350517397e-01
959000	1.0743700028e-01
960000	1.0330804468e-01
961000	1.0397820741e-01
962000	1.0378146239e-01
963000	1.0409041356e-01
964000	1.0535004283e-01
965000	1.0373727162e-01
966000	1.0393132676e-01
967000	1.0544803107e-01
968000	1.0714995237e-01
969000	1.0665155726e-01
970000	1.0496462240e-01
971000	1.0525474446e-01
972000	1.0653781405e-01
973000	1.0562748405e-01
974000	1.0582576614e-01
975000	1.0530200938e-01
976000	1.0599061695e-01
977000	1.0534312601e-01
978000	1.0721374080e-01
979000	1.0686482579e-01
980000	1.0608015131e-01
981000	1.0637680591e-01
982000	1.0722988004e-01
983000	1.0688711331e-01
984000	1.0767063500e-01
985000	1.0934527330e-01
986000	1.0734439178e-01
987000	1.1219999746e-01
988000	1.0837461328e-01
989000	1.0700431494e-01
990000	1.0715417931e-01
991000	1.0793731673e-01
992000	1.0718799486e-01
993000	1.0705273266e-01
994000	1.0717262416e-01
995000	1.0976643061e-01
996000	1.0725716304e-01
997000	1.0786430588e-01
998000	1.0917926968e-01
999000	1.0928186914e-01
1000000	1.0870508344e-01
